20 20 0.18
115 -14 0.02
126 16 2.0433333333333334
182 -35 0.006666666666666667
162 28 96.19666666666666
97 -49 0.0033333333333333335
31 -46 0
197 -32 0.41000000000000003
90 -12 1.1400000000000001
119 17 13.253333333333334
185 -22 0.016666666666666666
173 -23 0.006666666666666667
182 -26 0
131 28 84.28
53 -36 0
119 -47 0
177 -13 2.4366666666666665
146 -31 0.006666666666666667
42 -49 0.0033333333333333335
160 -16 1.49
192 45 84.84333333333333
13 2 0
182 -8 0.006666666666666667
88 -27 0
153 14 1.6
178 30 12.046666666666667
187 -2 0.01
123 -49 0.16
124 -44 0
175 29 97.44
8 -4 0
65 -31 0.006666666666666667
77 -3 0
76 6 0.006666666666666667
11 8 0.0033333333333333335
154 -13 2.3833333333333333
58 -31 0.0033333333333333335
65 20 4.1466666666666665
55 25 8.34
197 2 9.700000000000001
75 45 77.47333333333334
164 -24 0.33666666666666667
24 -13 0
145 -17 0
5 21 0
64 39 0.6066666666666667
143 30 9.28
59 -12 0
108 40 10.136666666666667
192 -34 1.4333333333333333
123 25 3.9733333333333336
146 -15 0.25
79 -34 0
158 45 74.32
123 14 0.5233333333333334
13 -45 0
81 35 2.8866666666666667
114 -40 0.013333333333333334
29 -5 0
133 -5 0.006666666666666667
192 40 96.55333333333334
40 15 0.013333333333333334
78 -29 0.0033333333333333335
7 3 0
16 -45 0
11 -34 0
37 16 0.016666666666666666
39 17 0.01
2 -4 0
189 49 99.91666666666667
105 0 0.016666666666666666
195 -12 0.04
86 11 0.53
33 44 1.1266666666666667
60 -45 0
134 38 92.60000000000001
91 19 0.03
11 12 1.0633333333333332
79 35 3.3300000000000005
111 -6 0.12333333333333332
50 8 1.1966666666666668
23 31 0.02
30 -19 0.22
55 2 0.7966666666666667
36 9 1.4566666666666668
11 -14 0
129 4 3.356666666666667
63 -34 0.006666666666666667
19 -43 0
102 33 94.14333333333333
77 36 27.513333333333335
14 27 0
130 24 69.08666666666666
193 -31 0.0033333333333333335
101 -5 0
21 30 0.006666666666666667
186 -17 0.02
105 12 3.36
84 3 0.01
139 7 0.0033333333333333335
111 29 3.3966666666666665
123 7 0.9333333333333335
183 40 95.66333333333333
30 21 0
185 -13 0
152 -33 0
83 -25 0.0033333333333333335
53 -33 0
164 31 99.37
147 -33 0
58 -31 0
102 -5 0.3466666666666667
81 -47 0.0033333333333333335
110 -44 0.006666666666666667
25 28 0.05333333333333334
27 48 0.22
9 39 0
10 29 0
96 7 2.35
171 -30 0.04666666666666667
175 -32 0.006666666666666667
138 -14 0.043333333333333335
83 -13 0.006666666666666667
183 35 97.54333333333334
45 1 0
87 -16 0.0033333333333333335
155 8 3.05
185 -19 0.0033333333333333335
60 12 0
98 34 13.866666666666665
131 -42 0
124 9 2.4066666666666667
139 6 4.346666666666667
106 46 76.32666666666667
10 19 0
131 -49 0.013333333333333334
116 -12 0.01
148 40 34.43666666666667
65 27 0.4
39 -6 0
76 34 2.396666666666667
159 42 62.743333333333325
66 -44 0
14 26 0
170 -19 0.44999999999999996
129 11 19.053333333333335
90 -27 0
8 0 0
42 -31 0.05333333333333334
73 0 0.6766666666666666
97 36 79.42
44 -7 0.0033333333333333335
154 -45 0.3433333333333333
77 45 92.16333333333333
31 47 3.75
101 -18 0
2 42 0
108 -41 0.0033333333333333335
53 35 4
65 -5 0.07333333333333333
58 -10 0.006666666666666667
138 -15 0.0033333333333333335
116 21 3.336666666666667
119 46 27.1
122 -42 0.0033333333333333335
16 4 0
84 27 1.66
190 25 63.33
149 17 4.53
118 -38 0.04
74 -45 0
168 -32 0.0033333333333333335
85 3 0.0033333333333333335
142 -26 1.7433333333333332
131 -3 1.1033333333333333
60 43 15.806666666666667
73 27 4.34
26 25 0
114 27 75.50666666666666
70 12 1.4933333333333334
113 -33 0.9366666666666668
181 -18 0.03333333333333333
9 1 0
194 -12 0.7266666666666667
51 -15 1.9966666666666668
183 15 95.64
49 -45 0.17333333333333334
142 -1 0.31333333333333335
187 -41 0.18
23 -36 0
62 19 0.006666666666666667
182 -44 0.006666666666666667
37 45 0.5700000000000001
138 2 0.03666666666666667
63 22 1.0133333333333332
173 -11 0.02666666666666667
176 34 95.02000000000001
84 35 3.32
193 12 49.01
171 13 48.49666666666666
20 -27 0
17 -18 0
70 -47 0.006666666666666667
55 -19 0
122 -32 1.08
114 -15 0.5599999999999999
144 -19 0.8466666666666668
124 -48 0.05
129 -28 0
128 -2 3.8666666666666667
114 47 94.40666666666667
50 -34 0.0033333333333333335
73 -38 0.01
75 7 0.9166666666666666
160 -40 0.5599999999999999
106 -9 0.18666666666666668
12 -22 0
48 17 0.0033333333333333335
155 39 12.590000000000002
35 -33 0
17 16 0.0033333333333333335
196 46 76.09333333333333
192 -20 0.0033333333333333335
6 49 1.5599999999999998
163 30 9.746666666666666
26 38 2.1566666666666667
164 -16 0.01
88 1 0.01
8 22 0
163 16 11.110000000000001
19 25 0
67 4 0.006666666666666667
189 31 86.70666666666666
13 17 0
21 49 0.006666666666666667
31 -20 1.0666666666666667
128 9 0.01
148 32 9.003333333333334
74 18 0.016666666666666666
11 -46 0
51 44 0.6666666666666667
129 -38 0
178 46 89.23
41 -44 0.02
49 -18 0
158 -49 0.013333333333333334
62 -11 0.006666666666666667
148 -8 0.4266666666666667
198 -49 0.006666666666666667
179 9 92.91333333333334
72 -44 2.4299999999999997
35 29 4.183333333333334
84 -7 0.0033333333333333335
153 27 32.21333333333333
106 -33 0.0033333333333333335
142 41 66.02333333333334
4 23 0.01
65 -13 0.006666666666666667
23 8 0.03
2 -27 1.5333333333333332
161 -17 0.17666666666666667
108 11 2.1133333333333333
140 -28 0
66 -32 0
6 -6 0.0033333333333333335
5 -39 0
152 -5 0.0033333333333333335
49 -19 0.0033333333333333335
176 44 96.88
192 8 0.9966666666666667
12 11 0.8699999999999999
183 -50 3.2966666666666664
54 -26 0.16
124 -35 0.29666666666666663
60 17 82.52666666666667
88 -48 0.6166666666666667
188 -37 0.33666666666666667
3 27 4.676666666666667
196 -9 7.223333333333333
13 6 0.01
90 19 31.883333333333336
189 -25 1.23
72 25 22.939999999999998
49 -6 0.013333333333333334
145 -46 0.013333333333333334
2 -21 0
44 26 7.109999999999999
166 4 36.8
181 -28 0.16666666666666669
46 -10 0
170 36 63.17
107 46 8.953333333333333
160 34 26.11
154 -4 1.5833333333333335
73 16 0.013333333333333334
51 13 0.0033333333333333335
14 11 0
114 41 37.46666666666666
188 17 31.883333333333336
180 -23 0.006666666666666667
95 -34 0
140 -2 1.2333333333333334
52 -50 0
102 -13 0.01
131 31 29.396666666666665
63 -10 0.0033333333333333335
103 38 58.41
62 -15 0
19 12 1.3599999999999999
110 24 28.326666666666668
62 42 11.16
16 16 0
131 -20 0.013333333333333334
6 -31 0
146 -36 0.73
35 -2 0.006666666666666667
55 -11 0.0033333333333333335
185 29 94.06333333333333
10 -8 0
198 -32 1.5833333333333335
70 -13 0.11666666666666668
17 42 0.023333333333333334
18 27 0.7233333333333333
170 0 3.4799999999999995
36 -8 1.0233333333333334
85 49 92.18666666666667
23 -42 0
52 -11 0.06333333333333332
50 36 5.683333333333334
115 -5 0.9933333333333334
49 -30 0.006666666666666667
135 -20 0.006666666666666667
88 -16 0.03666666666666667
151 11 12.673333333333334
35 41 2.02
17 -47 0
42 -18 0
76 3 1.5433333333333334
75 16 6.016666666666667
103 32 77.74333333333333
7 44 0
56 -38 0.0033333333333333335
16 17 0.77
117 22 96.09666666666666
170 -26 0.013333333333333334
15 -13 1.1733333333333333
140 -42 0.01
150 -26 0.11333333333333334
22 -40 0
71 -48 0.0033333333333333335
115 -17 1.82
121 44 59.90333333333333
10 27 0.0033333333333333335
2 -33 0
23 7 1.4266666666666667
168 -24 0.006666666666666667
161 26 37.943333333333335
183 -47 0
73 -43 0.58
99 -33 0.13666666666666666
83 37 1.0133333333333332
187 3 1.4500000000000002
191 32 43.34
67 -8 0
20 -38 0
167 48 54.10333333333334
163 -16 0.0033333333333333335
17 -35 0
78 28 0.09
90 -41 0.0033333333333333335
148 35 7.4366666666666665
76 39 1.1866666666666665
184 18 6.093333333333333
32 35 0
106 -48 0.006666666666666667
41 13 0
152 2 0.016666666666666666
192 38 85.25666666666667
17 -15 0.006666666666666667
31 36 12.923333333333334
160 -24 0.0033333333333333335
41 1 2.0866666666666664
132 -12 0.16666666666666669
35 -5 0.016666666666666666
36 -34 0
186 6 80.24666666666667
6 27 4.55
115 46 92.36999999999999
136 -47 0.0033333333333333335
29 46 1.3033333333333332
112 -15 0.07666666666666667
76 22 2.1966666666666668
150 -10 2.373333333333333
144 2 1.5033333333333332
94 25 0.17333333333333334
136 -17 0
61 -39 0
103 21 6.983333333333333
73 -8 0.006666666666666667
46 -25 0
103 46 76.55333333333333
30 40 2.6866666666666665
7 -8 0
199 10 13.603333333333333
61 26 0.16666666666666669
71 -19 0.01
20 -26 0
78 21 39.973333333333336
1 -41 0.9766666666666667
80 15 14.24
73 -23 0
75 15 29.013333333333335
21 -6 0.0033333333333333335
65 21 15.783333333333333
6 45 3.173333333333334
4 -8 0
51 10 1.6833333333333331
7 -9 0
76 -12 0
189 13 71.68666666666667
106 -5 2.1133333333333333
50 1 0.6466666666666666
163 11 20.696666666666665
118 42 15.606666666666666
15 -13 0
157 30 16.79
140 24 2.94
141 -13 0.26333333333333336
174 -40 0
111 -42 0
159 48 64.36
13 20 0.04
106 -18 0.0033333333333333335
99 22 0.52
197 15 22.133333333333333
40 20 0.0033333333333333335
182 21 29.163333333333334
53 -11 0.013333333333333334
193 20 48.163333333333334
43 -4 0
197 -14 0
105 -14 0.013333333333333334
117 -27 0.13333333333333333
16 13 1.4533333333333334
36 -50 0
157 -45 0.016666666666666666
84 41 95.38
113 -47 0.01
143 -33 0.0033333333333333335
159 -1 2.9899999999999998
85 44 62.17333333333334
16 -36 0
166 -22 0.0033333333333333335
175 6 14.196666666666665
0 -47 0
78 31 22.563333333333333
171 -18 0
29 49 1.0633333333333332
82 -44 0
47 -24 0
43 11 0.016666666666666666
132 45 95.70333333333333
22 22 0.01
2 14 1.8466666666666667
31 42 0.7133333333333334
181 -3 0.8366666666666667
36 18 0.30333333333333334
109 -19 0.5700000000000001
185 -29 0.023333333333333334
179 -11 0.3066666666666667
160 30 93.63333333333334
77 -42 0
65 -32 0
123 -38 1.1266666666666667
180 1 4.3999999999999995
9 -20 0
199 -49 0.51
58 -15 0
50 17 0.006666666666666667
75 -40 0
115 1 1.2533333333333334
2 15 0
72 4 0.09333333333333334
198 45 97.79333333333334
62 18 0.8500000000000001
57 -29 0.0033333333333333335
142 37 65.50333333333333
130 8 0.9333333333333335
3 -45 0
92 -48 0.0033333333333333335
141 32 29.28
191 -48 0.0033333333333333335
169 -14 0.27
154 -5 4.003333333333333
41 31 0.0033333333333333335
47 37 52.166666666666664
3 32 1.3633333333333335
19 12 0.0033333333333333335
38 -45 0
87 14 46.056666666666665
37 4 0.023333333333333334
16 5 0
68 -25 0.10333333333333333
198 -18 0.2833333333333333
67 22 1.68
87 48 74.26333333333334
36 27 1.4766666666666668
156 2 3.2133333333333334
44 23 0.0033333333333333335
170 7 15.709999999999999
179 1 3.5666666666666664
127 -32 0.06999999999999999
64 -7 0.016666666666666666
1 28 0
82 -5 0.0033333333333333335
117 10 1.6966666666666668
101 -7 0.043333333333333335
186 13 31.666666666666664
112 -47 0
189 19 65.91
157 -23 0.6799999999999999
30 14 0
153 -41 0.0033333333333333335
11 29 0
45 32 0.33333333333333337
91 43 94.63333333333334
148 -48 0.01
71 29 3.846666666666667
24 26 1.1666666666666667
104 -32 0.006666666666666667
30 -19 0
60 -24 0
25 -4 0.006666666666666667
53 17 1.2566666666666666
163 9 3.526666666666667
81 -7 0.0033333333333333335
123 44 95.02000000000001
164 -21 0.18333333333333332
33 -18 0
54 -13 0.0033333333333333335
161 33 32.45333333333333
52 -18 0.0033333333333333335
135 -24 1.4166666666666665
16 -13 0.0033333333333333335
122 -38 0.013333333333333334
179 31 61.806666666666665
16 -9 0
48 -41 0.01
154 20 4.293333333333333
171 -42 0.0033333333333333335
190 -21 0.03
30 -9 0.0033333333333333335
109 -16 0.01
138 26 7.140000000000001
35 -8 0
146 -31 0.01
84 -47 0.22333333333333333
187 43 92.58
75 24 1.2433333333333332
65 -12 0.0033333333333333335
0 -33 0
186 28 79.25999999999999
84 -27 0.3433333333333333
122 16 3.443333333333334
198 -11 0.29666666666666663
180 16 15.409999999999998
0 -48 0
154 -39 0.0033333333333333335
188 23 85.18
161 -39 0.013333333333333334
13 -42 0
120 22 14.506666666666668
178 -36 0.05
60 -33 0.22999999999999998
69 -30 0.013333333333333334
74 -31 0.0033333333333333335
141 17 48.949999999999996
95 4 0.9900000000000001
172 12 35.94
134 -46 0.13333333333333333
131 -50 0.0033333333333333335
66 34 13.900000000000002
28 -27 0.0033333333333333335
67 -49 0.006666666666666667
34 20 0.07333333333333333
33 -32 0
157 -44 1.0699999999999998
7 -41 0
168 -1 4.363333333333333
108 13 19.3
96 -2 0.0033333333333333335
100 -28 0
82 3 2.9433333333333334
76 49 72.32
20 -4 0
125 40 89.99333333333334
74 41 7.913333333333333
8 7 0
61 -49 0.2866666666666667
56 26 0.6133333333333334
35 -7 0.0033333333333333335
54 -32 0.16
36 7 1.03
89 -45 3.6666666666666665
37 -6 20.146666666666665
25 -31 1.0866666666666667
70 -15 7.26
130 -27 11.263333333333334
76 -6 33.276666666666664
62 -43 5.48
172 -45 3.423333333333333
131 -32 16.976666666666667
152 34 78.68
173 21 18.666666666666668
66 17 0.02666666666666667
5 -4 0.0033333333333333335
98 -30 0.5433333333333333
2 20 0.03666666666666667
14 28 0.006666666666666667
38 -14 2.0366666666666666
52 -46 0
54 46 2.9899999999999998
57 -40 0
77 17 0.03666666666666667
133 19 5.75
40 44 0.6633333333333333
133 -29 0
184 10 13.543333333333333
14 28 0
151 29 77.01666666666667
58 -26 0
82 29 0.013333333333333334
136 13 3.09
196 19 17.04
127 49 68.10000000000001
74 27 1.25
43 -46 0
155 24 10.459999999999999
49 -25 0.04666666666666667
11 -31 1.9766666666666666
53 24 0.3066666666666667
135 -20 0.016666666666666666
13 -29 0.0033333333333333335
171 27 97.03666666666668
85 10 0.02666666666666667
58 -41 0.0033333333333333335
104 -11 0.6233333333333333
81 -42 0.006666666666666667
153 5 1.2466666666666666
107 2 0.01
146 34 45.04333333333334
49 30 0
49 29 0.02
20 -46 1.2433333333333332
119 45 52.406666666666666
55 39 0.03
91 -21 0
97 21 51.00333333333333
59 -49 0.0033333333333333335
26 -27 0.006666666666666667
105 -35 0.0033333333333333335
80 24 30.79
83 12 15.049999999999999
44 18 3.1399999999999997
15 -44 0.0033333333333333335
33 -49 0
124 -8 1.3599999999999999
71 17 1.3933333333333333
183 -13 0.22333333333333333
159 11 31.480000000000004
182 -42 0.05333333333333334
51 20 2.08
7 9 1.4133333333333333
95 40 61.99666666666667
42 -24 0
107 24 74.11
2 -49 0
27 -29 0.0033333333333333335
63 29 14.299999999999999
26 -30 0.0033333333333333335
196 -33 0.006666666666666667
46 35 11.559999999999999
187 -8 0.016666666666666666
76 -6 0
73 0 0.0033333333333333335
138 26 53.64666666666666
20 -35 0
44 6 0.0033333333333333335
105 18 6.493333333333333
148 23 37.78666666666667
13 -30 0
48 28 1.82
196 -50 0.24666666666666665
141 -23 0.06333333333333332
37 26 0.22999999999999998
84 46 17.893333333333334
68 -41 0
106 1 0.06
154 24 80.25333333333333
103 -44 0
3 22 0
129 2 1.5
112 17 3.11
101 -40 0
55 -43 0.0033333333333333335
9 30 0.006666666666666667
190 22 26.403333333333336
90 18 1.92
181 28 68.55
31 24 0.006666666666666667
28 -38 0
176 -18 0.013333333333333334
198 -35 0
95 -47 0
70 -21 0
175 -21 0.0033333333333333335
169 18 4.02
40 43 0.5966666666666667
42 23 1.6466666666666667
186 39 93.72
85 48 2.8133333333333335
170 34 8.863333333333333
147 36 10.863333333333333
198 -15 0.006666666666666667
113 -44 0.0033333333333333335
135 23 0.44333333333333336
189 41 75.69
74 40 0.01
129 -50 1.3066666666666666
