41.5 75 1.2833333333333334
29.5 59 0.0033333333333333335
70 99 94.45666666666666
95.5 22 0.006666666666666667
60 71 4.22
8.5 0 0
48 41 0.02
56 13 0.01
94.5 8 0
75 65 2.5033333333333334
11 42 0
62.5 65 1.0133333333333332
10.5 21 0
59.5 32 0.013333333333333334
68.5 75 8.04
23.5 20 0
98.5 87 88.22666666666666
68.5 7 0.2033333333333333
6 92 0.06
40 32 1.3233333333333333
9.5 57 0.016666666666666666
21 38 0
85.5 76 34.68333333333333
98 26 0
89 83 62.803333333333335
33.5 84 1.1133333333333333
35 2 0
52 45 0.08
57 26 0.006666666666666667
43.5 33 0
23 40 0
79 48 7.626666666666666
40.5 96 64.61333333333333
43.5 65 18.19
33 8 0.0033333333333333335
97.5 52 9.48
90.5 77 91.23333333333333
40.5 63 0.2533333333333333
95 61 5.736666666666667
26 90 2.62
6.5 53 0
83 48 0.09333333333333334
84 32 0.006666666666666667
36.5 76 0.05666666666666667
7.5 89 0
55.5 22 0.006666666666666667
24.5 55 0.006666666666666667
71.5 29 0.0033333333333333335
16 37 0.6233333333333333
96.5 68 59.24666666666667
0 75 0
95 67 39.446666666666665
33.5 60 0.01
10 92 0.6566666666666667
86 96 89.29
17.5 33 0.0033333333333333335
30.5 21 0
94 27 0.016666666666666666
68.5 56 0.04
9.5 62 0
49.5 63 1.9033333333333333
26 40 0.0033333333333333335
70 78 8.743333333333334
53.5 56 1.16
38 19 0.6166666666666667
78.5 4 0.09333333333333334
97.5 65 20.66
78 89 66.18
68 38 0.03333333333333333
44.5 19 0.0033333333333333335
18 13 0
61 80 11.253333333333334
8 68 0.006666666666666667
97.5 71 94.74666666666667
14 14 0.02
7.5 30 1.49
0.5 15 0
47.5 61 0.01
39 55 2.1033333333333335
11 68 0.2833333333333333
45 50 1.34
82.5 71 16.66
43.5 31 1.2733333333333332
94 51 1.0533333333333335
39 20 0
58.5 66 1.4233333333333333
65.5 72 7.566666666666666
77.5 46 0.21666666666666665
71.5 91 71.54333333333334
69 56 0.26333333333333336
32 25 0
97 16 0.6799999999999999
50.5 4 0
29 11 0
88.5 24 0.0033333333333333335
88 66 7.489999999999999
74 96 71.47
76 72 16.586666666666666
44 84 3.7699999999999996
25.5 14 0.0033333333333333335
97.5 79 29.286666666666665
54 51 0.006666666666666667
48 26 0.006666666666666667
86 13 0.013333333333333334
24.5 36 0.9966666666666667
91.5 92 69.51
43.5 8 0
97 17 0.17666666666666667
57.5 10 0.01
68.5 30 0.02
44 30 0.0033333333333333335
65.5 14 1.3033333333333332
23 75 0.016666666666666666
75 3 0.006666666666666667
64.5 78 97.99333333333334
65.5 40 0.6666666666666667
51 37 0.006666666666666667
56.5 75 1.6466666666666667
88.5 85 95.14333333333333
94.5 39 0.4233333333333334
60.5 54 2.1
0 80 0
82.5 21 0.0033333333333333335
93 9 0.006666666666666667
16 27 0
45 5 0.6766666666666666
38.5 6 1.52
95 8 0.01
74 93 94.57333333333334
37.5 72 0.26666666666666666
38 24 0.0033333333333333335
45 58 0.7833333333333333
72 28 0.006666666666666667
14 93 0.5366666666666666
81 61 2.3
69 71 0.53
7.5 72 1.18
11.5 41 0
20 76 0.006666666666666667
66.5 93 8.236666666666666
60 94 10.26
20.5 16 0
70 16 0
95 96 79.78666666666666
97 85 23.599999999999998
91 96 61.75333333333334
55 77 2.2533333333333334
82 53 0.01
87.5 78 7.403333333333334
33.5 54 0.06999999999999999
55.5 97 4.91
0 55 0
15.5 63 0
24 72 0.006666666666666667
71 60 1.77
0 31 0
69.5 61 2.533333333333333
44 86 4.533333333333333
74 33 0.14333333333333334
50.5 52 1.6500000000000001
8 18 0
71.5 94 89.36333333333333
97.5 33 0.01
77.5 42 0.08333333333333334
43 8 0.0033333333333333335
38.5 7 0.016666666666666666
66 59 5.233333333333333
60.5 5 0.013333333333333334
42 98 36.57666666666667
66 83 57.78
26 90 0.2833333333333333
90 97 98.03333333333333
31.5 13 0
99.5 27 1.1533333333333333
57 67 0.7733333333333333
14 44 0.0033333333333333335
33 60 0
97 19 0.013333333333333334
29.5 83 0.0033333333333333335
18.5 83 0.02
40.5 18 0.006666666666666667
83 47 3.0933333333333333
37 16 0.16
55.5 76 89.13666666666667
13 8 0
32.5 78 3.4866666666666664
73.5 53 2.7766666666666664
39.5 6 0.006666666666666667
44.5 21 1.3333333333333335
87 18 0.016666666666666666
69 50 0.9833333333333333
26.5 44 0
35.5 79 0.4066666666666666
56.5 75 7.68
15.5 64 0
42 90 9.283333333333333
66.5 87 81.60666666666667
39 13 0.023333333333333334
11.5 76 0
56.5 2 1.3133333333333335
79 89 52.449999999999996
0.5 25 0
24 63 0.02
8 18 0.016666666666666666
32 15 0.0033333333333333335
23 30 0
71 93 46.19666666666667
51.5 0 1.28
34.5 14 0.5466666666666666
96 44 16.39333333333333
2.5 58 0.03333333333333333
20 66 26.669999999999998
35.5 43 2.7933333333333334
10.5 6 0.016666666666666666
14 73 52.33333333333333
15.5 36 0.013333333333333334
18 83 0
83 55 0.6033333333333333
26.5 91 1.5366666666666666
77.5 94 88.76333333333334
81.5 20 0
56 88 8.690000000000001
43 10 0
74 20 0
77 43 0.4066666666666666
63.5 85 40.876666666666665
6 16 0
65.5 15 0.006666666666666667
72 47 0.04
1 81 0
89.5 43 1.2766666666666668
85.5 23 0.006666666666666667
60.5 95 57.79333333333333
8.5 57 0
21 21 0
5 42 0
64 64 1.7566666666666668
83 90 88.91333333333333
17 49 1.1333333333333333
19 28 0
50 85 7.340000000000001
81.5 31 0.006666666666666667
26.5 95 0.8500000000000001
36 40 0
45.5 92 4.016666666666667
24 71 0
12 9 0
52 22 0
20 81 0.006666666666666667
90.5 92 71.95333333333333
20.5 97 0.24666666666666665
97.5 81 23.776666666666664
67 38 0.01
91 29 0.65
56 76 2.5866666666666664
32.5 71 0.01
52.5 73 4.376666666666667
92.5 99 92.36333333333333
30 23 0.0033333333333333335
21.5 11 0
13 1 0
58 6 0
83.5 52 0.22333333333333333
4.5 60 0.03333333333333333
25.5 96 8.06
91.5 71 91.64
63 18 0.013333333333333334
13 55 0.0033333333333333335
2 38 0
19 26 0.02666666666666667
13 67 0
26.5 93 0.30333333333333334
58.5 88 6.64
21.5 38 0.0033333333333333335
15.5 95 0.0033333333333333335
91.5 80 32.093333333333334
5.5 74 0
77.5 95 60.84
83.5 62 0.11666666666666668
1.5 30 1.03
80 96 65.86
77 31 0.02666666666666667
58 4 0.01
15.5 61 0.043333333333333335
89 80 32.25
10.5 28 0
99 33 0.7733333333333333
33 9 0.006666666666666667
7.5 15 0.9633333333333334
78.5 62 5.993333333333333
25 13 0
51.5 97 37.53
6.5 21 0.0033333333333333335
34.5 93 5.800000000000001
20.5 33 0.31666666666666665
54 92 38.32
75.5 68 11.073333333333334
79.5 59 20.063333333333333
46.5 55 4.243333333333334
35.5 23 0.0033333333333333335
8.5 25 0.0033333333333333335
31.5 37 1.7566666666666668
44.5 87 64.08333333333334
42.5 73 9.84
11 34 0.0033333333333333335
79 32 0.0033333333333333335
77 77 11.296666666666667
5 38 0
79.5 78 24.34
14 58 0
78 35 0.0033333333333333335
68.5 94 59.06333333333333
59.5 75 5.296666666666667
23.5 38 0
11 12 0
57 19 0.75
78 8 0.013333333333333334
92.5 63 46.70666666666667
77.5 58 9.063333333333333
14.5 7 0
74 48 0.5733333333333334
84 50 1.0233333333333334
39 39 0.8933333333333333
39 97 40.97666666666667
67 49 0.86
11 99 0
31 66 0.0033333333333333335
80 6 0
25.5 40 1.0766666666666667
81.5 61 5.54
30 65 0.5133333333333333
71 92 92.00666666666667
13 46 0
99.5 92 91.86666666666666
54 98 4.076666666666666
20 95 0.91
20.5 17 0
35 85 1.5333333333333332
16 93 0
98.5 57 1.6066666666666667
35.5 19 0.006666666666666667
80 23 0
23 55 0
84.5 99 70.31666666666668
92.5 59 3.033333333333333
77.5 60 2.0433333333333334
66 91 13.930000000000001
4.5 95 0
80.5 55 0.45666666666666667
4.5 55 0
64.5 88 10.22
12 22 0.0033333333333333335
37.5 55 8.323333333333334
10 38 0.01
7 49 0.0033333333333333335
22.5 46 0
5.5 35 0.0033333333333333335
16 56 0.2866666666666667
54 62 68.70333333333333
76 51 22.666666666666664
71.5 43 0.4333333333333333
24 23 0.12333333333333332
99 60 1.4366666666666665
64 98 26.493333333333336
25 21 0.0033333333333333335
76.5 30 0.0033333333333333335
38.5 29 0.006666666666666667
90 85 71.5
74.5 34 0
92.5 3 0.12
91.5 78 44.18333333333334
85.5 65 9.086666666666666
11 53 0
53 14 0.013333333333333334
11 75 0.02
72.5 44 0.0033333333333333335
89 74 46.56666666666667
84.5 2 0.006666666666666667
11 98 0.02666666666666667
12.5 36 0
55.5 74 3.6733333333333333
43 10 0.0033333333333333335
79.5 90 94.78333333333333
40.5 36 0
53 21 0.01
22 57 1.2233333333333334
40 9 0.27999999999999997
52.5 5 0.06666666666666667
7 5 0
81 64 50.79
8.5 15 0.0033333333333333335
77.5 17 0.01
53 1 0.0033333333333333335
87.5 25 0.006666666666666667
30 35 0.013333333333333334
43 86 49.10666666666666
69 0 0.0033333333333333335
82.5 37 0.01
73.5 83 96.57666666666667
67 51 0.5366666666666666
44 63 2.8233333333333333
95.5 11 0.016666666666666666
74 9 0.01
98 38 0.013333333333333334
22 70 0.01
47.5 56 0.006666666666666667
14 63 0
19.5 88 0.016666666666666666
77 70 1.2833333333333334
23 92 1.2033333333333334
89 96 73.98333333333333
87.5 78 14.89
76.5 83 8.616666666666667
8.5 7 0
12 53 0
89 90 41.46
56 69 0.14666666666666667
78 39 0.7033333333333334
96.5 89 56.28333333333333
79 11 0
83 17 0.006666666666666667
38.5 50 0.013333333333333334
2 56 1.3866666666666667
99 63 50.71666666666667
79.5 74 42.60333333333333
87.5 57 3.3466666666666667
41.5 25 0
6.5 42 0
12.5 43 0.006666666666666667
64 17 0
31.5 70 0
87 57 3.3266666666666667
99 73 96.19333333333333
31.5 86 1.9866666666666668
55 57 0.02
46 6 0.16999999999999998
35.5 0 0.0033333333333333335
11 56 0.07666666666666667
28.5 56 0.02
4.5 5 1.53
16 8 0
84 46 0.44666666666666666
60 50 0.31333333333333335
52.5 62 0.15666666666666668
27.5 12 0.0033333333333333335
52 45 0
92.5 98 98.01666666666667
3.5 60 0.0033333333333333335
1.5 92 0
7.5 49 1.06
90 81 97.77666666666667
10.5 58 0
15 58 0
44.5 13 1.0266666666666666
96.5 38 0.16
94 0 0.01
10.5 99 0.01
41 51 0
39 70 1.0166666666666666
32.5 37 0
45.5 46 1.1166666666666667
57 34 0.013333333333333334
97.5 4 0
94 63 3.75
36 71 0.6033333333333333
33.5 2 0
96.5 93 94.50333333333333
65 18 0.013333333333333334
9.5 40 0
72 88 71.54
68.5 28 0.01
10.5 2 0
25.5 4 0
37 14 0
97 68 27.613333333333333
54.5 49 0.8266666666666667
75 6 0.01
77 52 0.21333333333333335
87.5 62 44.18333333333334
85 15 0.023333333333333334
90.5 61 39.46333333333333
76 9 1
97 58 15.103333333333332
92 3 0.01
3.5 8 0
34.5 9 0.0033333333333333335
71 44 2.543333333333333
64.5 78 90.88666666666667
20.5 20 0.0033333333333333335
84 50 5
14.5 89 0.006666666666666667
37 12 0.0033333333333333335
77 32 1.5533333333333332
32.5 32 0
54.5 28 0.0033333333333333335
6.5 83 0.016666666666666666
18.5 97 5.9799999999999995
2.5 16 0
61 6 0
44.5 34 0.01
22.5 31 0.0033333333333333335
31.5 84 60.03666666666667
15.5 22 1.1900000000000002
36 80 32.763333333333335
84.5 5 0.013333333333333334
4.5 87 0.006666666666666667
59.5 2 0.0033333333333333335
91.5 11 0.0033333333333333335
81 88 47.38333333333333
82 88 52.57666666666667
55.5 64 0.006666666666666667
35.5 52 0.006666666666666667
51.5 41 0
53.5 59 0.01
90.5 85 44.21
3.5 54 0
3 11 0
30.5 63 0.21
69 29 0
10 50 0
10 84 0.27666666666666667
95.5 84 55.29333333333334
60 7 0
32.5 35 1.5266666666666666
75.5 70 13.253333333333334
9.5 54 0.0033333333333333335
92.5 7 0
57.5 57 1.24
75.5 78 83.81666666666666
23.5 76 0.16
12 73 0
82 19 0.016666666666666666
96 86 76.67333333333333
10 71 0.01
80 27 0.0033333333333333335
51.5 58 0.6666666666666667
62.5 61 0.9933333333333334
74.5 82 12.963333333333333
69.5 83 8.673333333333332
7 71 0
16 16 0.0033333333333333335
91 29 2.143333333333333
47.5 22 0.4966666666666667
35 41 0.66
67 9 0.10666666666666667
97.5 29 0.5033333333333333
23 84 29.13
0 65 0
49.5 64 66.95666666666666
5 19 0
8.5 93 0.016666666666666666
33.5 48 0.006666666666666667
33.5 76 3.2933333333333334
53 31 0.6833333333333333
64 77 90.16
41.5 75 4.913333333333333
45.5 18 0.9233333333333333
93 1 0.0033333333333333335
70.5 88 45.93333333333333
89.5 69 34.44
45.5 36 0
85 69 18.91
0 84 0
80.5 44 0.09
36.5 16 0
27 16 0
28.5 55 0.6266666666666667
60.5 52 0.006666666666666667
84.5 25 0.006666666666666667
27 35 0
10.5 10 0.006666666666666667
56.5 54 0.0033333333333333335
35.5 65 0.01
15.5 17 1.5133333333333334
78 89 91.59666666666666
57 75 6.8566666666666665
22 78 0.0033333333333333335
42.5 70 0.023333333333333334
59 75 2.396666666666667
76.5 96 45.666666666666664
28.5 30 0.0033333333333333335
39.5 26 0.0033333333333333335
32 93 0.3933333333333333
96.5 86 51.50666666666667
41.5 45 0.0033333333333333335
13.5 43 0.9199999999999999
24 35 0
56 88 34.96
31.5 13 0
7.5 40 0
96 0 0.0033333333333333335
67.5 80 63.38
6.5 5 0
28 75 0.7366666666666666
23.5 97 0.33666666666666667
80 58 0.15666666666666668
96.5 99 66.86999999999999
80.5 94 31.506666666666668
11 3 0
61.5 0 0
13 37 0
47.5 20 1.1266666666666667
48 53 0.0033333333333333335
43.5 29 0.0033333333333333335
92 94 93.76666666666667
37 82 1.5766666666666664
74 39 0.01
3.5 71 0.0033333333333333335
37 71 0.6
2.5 36 0
47.5 86 4.04
4 92 0
38 3 0
33 69 0.15666666666666668
34.5 66 0.016666666666666666
85.5 93 76.09
66.5 43 0.006666666666666667
69.5 99 22.41
30 75 0.17333333333333334
76.5 50 0.02
38 90 1.1266666666666667
